 Index  Time(s)  Furnace Temperature(K)  Sample Temperature(K)  HeatFlow(mW)  Q_Corrected
  6014 101619.7              104.393301             104.152808     -1.188039    -0.687565
  6893 116474.8              127.265509             121.870596    -17.578975   -16.229198
  7024 118688.7              130.956885             125.483328    -15.353597   -14.001736
  7473 126276.8              143.602179             137.958533    -15.831540   -14.586652
  7756 131059.5              151.568160             145.915114    188.384780   189.569189
  8409 142095.2              169.972975             164.285742    -12.147946   -11.261773
  8413 142162.8              170.084296             164.398863    -11.041622   -10.149844
  8933 150950.8              184.728705             179.043494   -236.601256  -236.071174
  9115 154026.6              189.854315             184.202498    -22.136300   -21.711840
  9924 167698.7              212.638380             207.151061    -28.526591   -28.523581
 10077 170284.4              216.950289             211.487959    -21.727414   -21.806202
 10227 172819.4              221.182814             215.739252    -21.968775   -21.971524
 10417 176030.4              226.536574             221.128481    -22.196861   -22.503976
 10676 180407.5              233.825007             228.477702    -22.909293   -23.317108
 10855 183432.6              238.866702             233.556307    -23.648149   -24.280784
 11026 186322.5              243.683276             238.406679    -24.081042   -24.967057
 11254 190175.7              250.105112             244.868706    -24.152830   -24.416167
 11410 192812.1              254.497942             249.286675    -24.665743   -24.951390
 12899 217976.2              296.439013             291.384014    -28.193926   -28.874990