 Index  Time(s)  Furnace Temperature(K)  Sample Temperature(K)  HeatFlow(mW)  Q_Corrected
  6010 101552.1              106.087836             106.283209     -0.474754     0.024143
  6164 104154.7              106.134955             106.268820     -0.494004     0.010167
  6894 116491.7              127.289328             121.844916    -10.646095    -9.299125
  7727 130569.4              150.755667             145.066305    -11.572627   -10.383730
  8095 136788.6              161.132391             155.421851     -4.505824    -3.441261
  8446 142720.5              171.012480             165.322539    -12.011261   -11.082771
  8667 146455.4              177.240256             171.563429    -26.147903   -25.474279
  8702 147046.9              178.220389             172.554007     -2.261730    -1.642283
  8868 149852.3              182.899237             177.246252    -66.353945   -65.784563
  9023 152471.8              187.261618             181.634772    -13.534818   -12.982693
  9510 160702.1              200.986052             195.424155    -14.336603   -14.371655
  9575 161800.6              202.815184             197.263831    -14.273778   -14.018391
  9800 165603.1              209.143957             203.635886    -14.941086   -15.246818
  9878 166921.3              211.347571             205.835150    -14.887828   -14.842715
 10420 176081.1              226.617705             221.211359    -16.017242   -16.302586
 12306 207954.5              279.734187             274.544369   -389.406970  -389.941684